chequered_0017.jpg,0.07908203124922772,0.08956054687412539,0.03440429687466402,0.06159179687439852,0.09496093749907265,0.06330078124938184,0.03535156249965477,0.04435546874956684,0.35612304687152224,0.14126953124862043
banded_0147.jpg,0.0353039490048379,0.09543687810908179,0.04986396144259225,0.10837220149211609,0.20095615671563682,0.14361396144222788,0.08549440298474233,0.0926850124374507,0.07678016169124385,0.11149331467618356
167.jpg,0.019870758056564825,0.041316986083826765,0.037174224853373815,0.1371765136713517,0.2544746398916074,0.2080459594718626,0.0724754333493329,0.05783081054665439,0.10868453979450728,0.06295013427710361
banded_0024.jpg,0.07205078124976545,0.10929361979131089,0.045257161458186014,0.08547851562472175,0.13925455729121336,0.11392252604129582,0.06411783854145794,0.10194335937466815,0.10858723958297986,0.16009440104114553
bubbly_0136.jpg,0.06143256575963534,0.07717582945916213,0.041397303698585984,0.09317732542525355,0.11736211287316912,0.14693415967527798,0.059981122330323766,0.08385425014617857,0.1764973019164708,0.14218802870703828
chequered_0196.jpg,0.02229142280805457,0.07748993278651994,0.027378402055203085,0.11516008156750251,0.11442390512073718,0.19313589080888757,0.09398764695853126,0.0873767824665785,0.15182903038088422,0.11692690503973933
bubbly_0119.jpg,0.04870158450686362,0.0672645246476406,0.07245451877907697,0.13576511150184944,0.22531176643109846,0.14641651995251462,0.07690727699502307,0.06720217136125586,0.05939700704203566,0.10057951877897381
braided_0189.jpg,0.03379250968550873,0.06106328024062947,0.04518582292979491,0.11986655187171856,0.23216386855910343,0.16610704548596564,0.07194002008844927,0.07029702970246594,0.10945616300681979,0.09012770842236957
bumpy_0165.jpg,0.03423341423913599,0.06881067961095459,0.049828074433153034,0.12668891585632394,0.24102953074189898,0.1672431229756549,0.08353559870465681,0.06944781553327824,0.06598907766923555,0.09319377022559473
chequered_0210.jpg,0.03103017689874058,0.07383975025937732,0.04574401664884762,0.12023933402580397,0.2724141519222434,0.14869927159054425,0.07223725286085081,0.07509885535821959,0.06953173777242944,0.09116545265253731
870.jpg,0.05440521240213621,0.09068298339809157,0.052978515624797905,0.10717391967732554,0.1681365966790461,0.13891220092720447,0.08456802368131802,0.0932846069332379,0.08736038207974486,0.12249755859328271
braided_0195.jpg,0.06280341629174171,0.08568776585386811,0.06038610244829561,0.10968728506200418,0.15608368446604687,0.11473559795052696,0.068532850760462,0.0877711965697664,0.12020460357975997,0.13410749701085048
blotchy_0027.jpg,0.10523272833685146,0.09720067330175204,0.07349604800909874,0.08365778688493977,0.08449575526901165,0.07580137587794276,0.0667191159248144,0.099458430912985,0.12146150468339628,0.1924765807955486
banded_0019.jpg,0.05329658529582183,0.1108991337958662,0.040146037654663375,0.09015319636305336,0.13873935142050706,0.12698833130457804,0.0696721311472916,0.10818956260251919,0.10770277041983069,0.1542128999922893
60.jpg,0.03449249267564967,0.06540298461889113,0.053592681884561184,0.1311531066889528,0.20973205566326242,0.1699638366692735,0.08354187011686881,0.06960678100559384,0.09074401855434133,0.09177017211879054
34.jpg,0.0467338562009936,0.08003997802703842,0.060768127441174435,0.1246452331538214,0.19248199462817198,0.14924240112247755,0.08867645263638048,0.0785369873043879,0.06884765624973736,0.11002731323200216
chequered_0087.jpg,0.1265598290592882,0.08659829059792051,0.0017606837606762363,0.23866239316137322,0.04356410256391639,0.0984871794867586,0.001226495726490485,0.05406410256387152,0.1777905982898385,0.17128632478559278
186.jpg,0.006099700927711106,0.022712707519444608,0.01991271972648654,0.12677764892529764,0.28786849975476125,0.23712921142487667,0.06711578369115022,0.038009643554542505,0.1579132080072101,0.03646087646470466
228.jpg,0.05576324462869353,0.0693359374997355,0.05298233032206351,0.10229110717734416,0.15864562988220732,0.13295364379832095,0.0694808959958287,0.07291793823214371,0.1710510253899725,0.11457824706987542
915.jpg,0.052600860595502466,0.08443832397428727,0.04747772216778764,0.10557937622030036,0.19605636596604897,0.13663864135690063,0.07228851318331798,0.08764266967740005,0.10271453857382692,0.11456298828081297
bubbly_0160.jpg,0.12620023419157567,0.1099860948473727,0.05790764051501058,0.055616949648508426,0.06329405737681756,0.079511855971606,0.08048887587792561,0.10367022833685717,0.11358313817288647,0.2097409250577805
banded_0111.jpg,0.05923035491193528,0.09622855571162243,0.05307640297467897,0.09631450476102546,0.15349354236054197,0.1263508325590679,0.08033944144531727,0.09556961299953261,0.09533468559783101,0.14406206667271712
braided_0064.jpg,0.13067499999918328,0.08219374999948628,0.051843749999675975,0.0998249999993761,0.0808937499994944,0.0994249999993786,0.04680624999970746,0.0748312499995323,0.14684374999908223,0.18666249999883336
185.jpg,0.03090286254871024,0.06592178344701415,0.057437896728296516,0.14037322997993326,0.23081207275302576,0.17287445068293428,0.09093093872035625,0.06863784790012879,0.05772018432595169,0.08438873290983433
197.jpg,0.033145904540889184,0.06994628906223317,0.05572509765603743,0.13266372680613456,0.2126770019523137,0.17657470703057643,0.09224319457972624,0.07282638549776906,0.06460952758764416,0.08958816528286137
138.jpg,0.06378936767553792,0.08317947387663582,0.06364440917944471,0.11394500732378408,0.17137145996028377,0.1330451965326956,0.08304977416960506,0.08073043823211391,0.07918548583954167,0.12805938720654275
braided_0132.jpg,0.03799181878346973,0.07507921119789157,0.05664782937637941,0.12636550647801967,0.24148184053578997,0.14913577035757863,0.0803106970580706,0.07506738863097591,0.06309703962887131,0.09482289794704185
braided_0069.jpg,0.02896914643133074,0.07745897318727615,0.04407527146201253,0.11900850405823256,0.2882067681049996,0.16321994588254551,0.07301806233934964,0.07270618828375836,0.0527813894645747,0.08055575078152759
chequered_0098.jpg,0.07568595041297294,0.10351735537155862,0.059173553718812645,0.08998016528895875,0.09709421487571208,0.10391074380130938,0.08554380165260977,0.09846280991702987,0.11032727272690801,0.17630413223082214
chequered_0054.jpg,0.05187579438215119,0.034471632309974014,0.003265910793489317,0.026873619914124295,0.04224921368415991,0.08442547747087076,0.027886501182551825,0.10336158738947848,0.5285612877325528,0.09702897513784155
942.jpg,0.07117080688449413,0.10395812988241593,0.05452728271463574,0.0927391052242556,0.10659027099568713,0.11232376098589963,0.08283996581999649,0.10612869262654827,0.11384582519487821,0.15587615966737411
bubbly_0061.jpg,0.08225260547499873,0.09102409436604819,0.051883314901880945,0.09457625414618666,0.16067658590395198,0.1040430950696689,0.06724808149804591,0.09367145873049101,0.09825407995628285,0.15637042994406714
chequered_0115.jpg,0.051802597402238595,0.07036536796488058,0.05516190476152268,0.12405194805108881,0.218105627704117,0.13889523809427604,0.07990995670940322,0.07238095238045104,0.07683463203409985,0.11249177489099572
braided_0127.jpg,0.10782619743316044,0.07136323211759893,0.039787405242706186,0.1066742895857931,0.1521619446908391,0.11452589675130426,0.04277304874415461,0.06817854571605396,0.1248380129584346,0.17187142675571984
147.jpg,0.051773071288865,0.08340835571257245,0.069301605224345,0.1259269714350665,0.16649627685483362,0.1434516906732809,0.09184646606410275,0.0812721252438306,0.06934356689426673,0.11717987060502175
934.jpg,0.023796081542877975,0.050960540771289975,0.05550384521463202,0.151744842528718,0.2483596801748338,0.19603729247972093,0.08916854858364422,0.05636978149392559,0.056869506835720555,0.07118988037082218
blotchy_0130.jpg,0.03544061302669133,0.07433167885727124,0.05057398699621729,0.12484761407129902,0.2215909090901051,0.1527306107041945,0.08747677928680672,0.07903750145100778,0.07273888308344675,0.101231423429332
banded_0101.jpg,0.03507270168845253,0.10430347091901881,0.03190666041266444,0.09592225609727978,0.1789604831139219,0.1546757739207473,0.07163754690410519,0.10006449343310253,0.09835834896781673,0.12909826453995926
903.jpg,0.037502288818216316,0.06784439086888182,0.05384826660135708,0.12850189208935356,0.23755264282135943,0.17466354370050557,0.07638931274384922,0.07188796997042889,0.06541061401342235,0.08639907836881104
bumpy_0200.jpg,0.018756925486072974,0.055466808351286985,0.036241484055088445,0.1288061772710218,0.2094861245583961,0.22104229221716562,0.10099587179819353,0.06900842768282756,0.07743261523807092,0.08276327333838052
blotchy_0066.jpg,0.10241574643441403,0.09783479174437085,0.07377651406586812,0.07639210327141002,0.07527533484657191,0.07739866428590227,0.07978649151006272,0.10128428368819647,0.12127223434459185,0.19456383580493816
1485.jpg,0.0334815979002629,0.07096099853488555,0.048511505126768065,0.12351989746046631,0.2457542419424219,0.17091369628841052,0.08370208740202445,0.07266235351534782,0.06237411498999643,0.08811950683560135
chequered_0160.jpg,0.05095402644211631,0.07116135817280964,0.03707181490370691,0.09573692908617887,0.13138146033604498,0.13618915264371922,0.0686823918266651,0.08346228966314805,0.17319711538396484,0.15216346153789
890.jpg,0.16727066039975252,0.11654663085893041,0.042495727538900394,0.03488159179674193,0.03152847290027035,0.0366935729979069,0.04462051391584541,0.11471176147417178,0.1767539978020601,0.23449707031160547
chequered_0046.jpg,0.022753906249944448,0.03072265624992499,0.0014282226562465131,0.005012207031237763,0.0315795898436729,0.03568359374991288,0.012373046874969791,0.05481933593736616,0.7656640624981307,0.03996337890615243
216.jpg,0.05744934082009335,0.09684753417931806,0.05486679077127507,0.10329055786093409,0.15383911132753814,0.1365585327143228,0.08431243896452212,0.0993118286129024,0.08851242065395923,0.12501144409131998
braided_0137.jpg,0.023087431693791946,0.06789617486280827,0.04386099726738507,0.11287568305914554,0.27075648906872646,0.1565744535505757,0.06579576502676063,0.0787653688517865,0.09491120218498197,0.0854764344254997
bumpy_0059.jpg,0.023967285156191485,0.034719238281165236,0.011254882812472522,0.05834716796860755,0.18936523437453767,0.12265380859345056,0.0287524414061798,0.0545996093748667,0.4154443359364857,0.06089599609360133
braided_0120.jpg,0.06791258169888403,0.09534994553311989,0.050081699346064254,0.09439678649173204,0.18702342047802953,0.11407952069639106,0.06382080609978336,0.0950231481475012,0.08920206971616829,0.14311002178551804
braided_0131.jpg,0.042732054270388106,0.06839997609207937,0.07429023967463304,0.14500926423960012,0.18359930667568106,0.13374872990217634,0.0869284561589656,0.07590998744822212,0.07979797979774132,0.1095840057375244
923.jpg,0.062221527099372016,0.0886840820309117,0.05916976928688366,0.1077842712398232,0.13290405273386802,0.12992477416942624,0.09076309204066939,0.09071731567348207,0.09874343872032644,0.13908767700142255
177.jpg,0.048408508300596585,0.07276153564425368,0.04914855957012501,0.11762237548783255,0.19850540161057087,0.16428756713804515,0.08264541625945035,0.0774040222165016,0.08036804199188091,0.10884857177692853
chequered_0084.jpg,0.06018333333316615,0.09238333333307672,0.05414444444429404,0.09678611111084226,0.09843611111083768,0.11628888888856587,0.09034999999974902,0.0954833333330681,0.12841388888853217,0.1675305555550902
chequered_0186.jpg,0.028967146842588342,0.08342822980069302,0.03395632864520614,0.10769800147961839,0.13306382736339845,0.17503416272721747,0.09107214029429003,0.09799009280804824,0.13343392358841433,0.11535614644340832
252.jpg,0.014450073242132377,0.03823852539047913,0.0411491394041399,0.15262603759707402,0.30119705200080416,0.22222900390540226,0.08571624755826676,0.04401779174787896,0.046306610107245225,0.05406951904276249
banded_0137.jpg,0.023686279648736278,0.06864816756194948,0.03603448652416668,0.11778436639988811,0.19400307954343576,0.17787096492329021,0.09526110601467899,0.07785130825995432,0.09653332896492232,0.11232691215624774
blotchy_0133.jpg,0.04644250098768954,0.06416270052596941,0.07410525592301331,0.14582223673049247,0.19878810787787846,0.15665824756644126,0.08644754099250043,0.06618442982041439,0.06204933477625213,0.0993396447936213
1483.jpg,0.030441284179571374,0.05775451660134218,0.05755996704079605,0.14517211914007122,0.25218963622950674,0.1801834106438439,0.0854759216305333,0.060928344726330075,0.05256652832011197,0.07772827148407849
blotchy_0108.jpg,0.028665064665979637,0.05925936779559225,0.0593668190517946,0.15166744812960736,0.21578165904634186,0.18136306802552765,0.09832278357315319,0.062277771265276255,0.05815066619750444,0.08514535224433856
braided_0149.jpg,0.014947118497644032,0.05366093483911515,0.02103268820286212,0.08321941626446015,0.31943545098976284,0.24421421205216073,0.056215075424753486,0.05630500995241681,0.08139074753530595,0.06957934623552306
199.jpg,0.09241485595667871,0.11146163940387167,0.05618286132791068,0.08179092407195361,0.13154220581004508,0.08073043823211391,0.059398651122820285,0.11072540283160887,0.10589599609334603,0.16985702514583642
bubbly_0100.jpg,0.061793596121560185,0.07057660415824354,0.02894501849707268,0.08036739379971701,0.15457966577270965,0.17909809924621062,0.03631840795996735,0.0657290470719114,0.1993685419045837,0.12322362546164546
142.jpg,0.12285232543898447,0.1064338684077971,0.04682540893536825,0.060684204101331005,0.06872940063450345,0.07662582397431707,0.06024932861305141,0.10850524902302358,0.14183044433539646,0.20726394653241248
127.jpg,0.030933380126835122,0.05517959594705513,0.04903030395489109,0.13582992553659123,0.22008514404212917,0.19013214111255594,0.081787109374688,0.06399917602514649,0.09400177001917266,0.07902145385712044
braided_0067.jpg,0.06927810247692888,0.08494884651781083,0.06956021845320835,0.1136767696117782,0.17594455622530983,0.1123832944752516,0.07487783845892881,0.08605601865113402,0.07890730627107136,0.13436704885325515
bumpy_0187.jpg,0.025238324506256734,0.056350505536289355,0.04578719306648255,0.1411458834844377,0.26073182474472095,0.17469427058088885,0.08571015888217902,0.06265767934460609,0.06453538757761641,0.08314877226689313
916.jpg,0.05048751831035428,0.0756492614743208,0.04981613159160684,0.0956954956051037,0.1347618103022203,0.1371307373041644,0.07247161865206729,0.07999420165985109,0.15888595580994078,0.14510726928655582
200.jpg,0.03928375244125639,0.07187271118136646,0.061897277831795126,0.1328659057612119,0.19543838500902008,0.16351318359312625,0.09538650512658925,0.07344055175753235,0.06580734252904584,0.10049438476524164
bubbly_0133.jpg,0.015494791666627107,0.04153901143780244,0.024377042483597892,0.11208639705853736,0.14574652777740568,0.23341503267914263,0.0773156658494758,0.07288602941157862,0.1956827001628991,0.08145680147038027
107.jpg,0.03918075561508491,0.062217712402106405,0.051555633544725206,0.13071823120067322,0.2536430358877043,0.18019866943290633,0.08148956298797039,0.06022262573219214,0.05393218994120051,0.08684158325162185
bumpy_0105.jpg,0.021940890250297884,0.04089025049521634,0.05673094251165318,0.17627500450372793,0.3074788250107454,0.1762299513409963,0.0750946116410606,0.04706253378944799,0.04271039826957371,0.05558659217827008
bumpy_0080.jpg,0.03913759689903518,0.06813953488339079,0.057834302325301186,0.13522286821639912,0.21871608527025815,0.15828488372016333,0.08468992248020983,0.06890988372059637,0.06768895348804414,0.1013759689917569
blotchy_0113.jpg,0.04457864290137803,0.07041510318880537,0.06123944652848226,0.1316154627879572,0.20128791431948398,0.1510123514681929,0.08316721388286462,0.07441174171284386,0.07427493746018728,0.10799718574003286
119.jpg,0.027782440185440894,0.05428314208963667,0.047576904296693506,0.1402740478510274,0.25022888183498293,0.19143676757739472,0.08251953124968521,0.058887481689228485,0.06687164306615115,0.08013916015594429
bumpy_0140.jpg,0.049498210828132244,0.06666684324401159,0.07890631414709373,0.15040696704229012,0.19355898174755182,0.15295498067759958,0.09014194184042298,0.06559413480087195,0.05288585057819545,0.09938577509118185
braided_0166.jpg,0.04256518962372396,0.07125677713864595,0.05863329392701321,0.13222045574896918,0.2422309186998612,0.1479352655813193,0.08055793349856265,0.07390648567068941,0.059740736210918556,0.09095294389350242
126.jpg,0.07584762573213254,0.08959579467739259,0.059585571288835196,0.10207366943320437,0.14241790771430046,0.12376022338819977,0.07735824584931428,0.08960342407192382,0.0952568054195585,0.14450073242132377
braided_0136.jpg,0.024700598802292494,0.08369095143012437,0.032131570192813826,0.09306387225510203,0.28304224883448503,0.17918330006578848,0.059002827677732024,0.08462658017263545,0.06894960079811648,0.09160844976675146
chequered_0151.jpg,0.02673109416196336,0.08743190108456919,0.04240529316076111,0.11479147914755225,0.20195177412414309,0.16990225338269646,0.0849716550599745,0.09055537132632036,0.08219242976903314,0.0990667487798283
157.jpg,0.09096145629848114,0.10157012939414378,0.06521987915014182,0.08705520629849603,0.1143913269038605,0.09664154052697509,0.07603836059541307,0.09948730468712048,0.1021957397457039,0.16643905639584947
bumpy_0112.jpg,0.04859136727794787,0.07612647540211832,0.06436633066197668,0.1295425174452525,0.19715688808307782,0.14542948220775886,0.08469888860097614,0.0752735418275586,0.06877746187586131,0.11003704660885641
blotchy_0129.jpg,0.04891760712236001,0.07554417413527353,0.07619331209197396,0.14030312955876303,0.1586814757457125,0.14061281005186782,0.09969925259744693,0.07655659113196225,0.07272131733274144,0.11077033022594306
banded_0057.jpg,0.045151322245944564,0.06890400785102217,0.02835468555201336,0.0648789156784141,0.07849924405162165,0.15956804859234647,0.05803228031067467,0.08332670220921419,0.2565051324890039,0.15677966101642934
banded_0041.jpg,0.03988281249990263,0.0560327148436132,0.02082031249994917,0.12957275390593365,0.23403564453067863,0.2632373046868573,0.027377929687433158,0.056464843749862145,0.07499267578106691,0.09758300781226176
bumpy_0127.jpg,0.010630127421795863,0.03691743759786248,0.026793506719961658,0.13867167044738463,0.2614243323419321,0.22962995286935217,0.08468319078299281,0.0584395182400206,0.09270378774574356,0.060106475824226686
braided_0194.jpg,0.04465528901596921,0.08340792457292334,0.04590344909870955,0.10319449417142462,0.2981511317962657,0.13180272108777993,0.058211003699436034,0.08478040338900435,0.05555555555527929,0.09433802760823518
1472.jpg,0.0701751708981698,0.08844375610317824,0.05201721191386407,0.07898712158172994,0.08905410766567591,0.103252410888278,0.0706863403317616,0.08862686157192753,0.21948242187416273,0.13927459716743745
bumpy_0201.jpg,0.04108771929814264,0.06994486215521317,0.06420551378430024,0.1405964912277178,0.1944360902250766,0.14484210526279487,0.09244862155365301,0.0735162907266328,0.07246365914768806,0.10645864661627454
98.jpg,0.06509017944311107,0.08705520629849603,0.06526947021459477,0.11381149291948771,0.15883255004822222,0.12702941894482792,0.08463668823209901,0.08482360839811393,0.08345031738249416,0.13000106811473847
banded_0002.jpg,0.0,0.0008666666666570371,0.0,0.004555555555504938,0.00011111111110987655,0.6962666666589304,0.00015555555555382718,2.222222222197531e-05,0.16888888888701237,0.12913333333189853
bubbly_0111.jpg,0.05050551558733619,0.07620911270953973,0.0284124700238718,0.07382637889659922,0.1376690647476732,0.14143309352463718,0.05169496402857863,0.09030983213394606,0.23659664268494351,0.11334292565903753
189.jpg,0.05109405517558634,0.0733871459958138,0.05780792236306073,0.1263656616206117,0.2049751281730462,0.14694976806584567,0.0830230712887458,0.07307052612276813,0.07482910156221455,0.10849761962849236
braided_0121.jpg,0.05177662037007073,0.08377314814766335,0.06707754629590812,0.13526620370292092,0.18649305555447632,0.13317708333256262,0.07050925925885122,0.0849999999995081,0.07556712962919232,0.11135995370305926
3.jpg,0.03379821777330857,0.06736755371068051,0.04825973510723778,0.12506484985303853,0.18058013915946738,0.17617416381768733,0.08477020263639537,0.08318710327116705,0.1028861999507794,0.09791183471642337
bumpy_0107.jpg,0.03986144417772541,0.06268984812108519,0.05014654942679092,0.12747135624748554,0.1806421529431079,0.1601652011713285,0.0841593391947498,0.07561950439597909,0.11644684252520351,0.10279776178988277
93.jpg,0.029346466064341176,0.055572509765413,0.05354690551737386,0.14820861816349712,0.26862716674702214,0.1859817504875718,0.08142471313445501,0.0540008544919815,0.048145294189269466,0.07514572143526022
banded_0100.jpg,3.906249999984741e-06,0.0005039062499980316,0.0,0.0010429687499959258,5.0781249999801636e-05,0.2147070312491613,4.296874999983215e-05,7.421874999971008e-05,0.6746757812473645,0.10889843749957462
865.jpg,0.0454559326170141,0.080905914306332,0.0587120056150104,0.12606430053662848,0.21574783325113012,0.144508361815855,0.08050155639617729,0.07949066162079052,0.06565856933568703,0.10295486450156038
banded_0153.jpg,0.028163983319366693,0.060971362747189534,0.023145543679073705,0.08862635841620622,0.08623768830272158,0.1970719815684094,0.06583353424921717,0.07317367194373822,0.26288765660182484,0.11388821916778782
bubbly_0104.jpg,0.0306828798729461,0.05421703802232229,0.05120891254458248,0.11671526853630478,0.11415305342350052,0.1749667336699487,0.07756009172958325,0.06537895303031215,0.22407349735126358,0.09104357181215818
bubbly_0080.jpg,0.07219091530023826,0.09934682377006768,0.06704661885217278,0.0993596311471168,0.11944586748582886,0.1091444672126488,0.08270150273188737,0.09507342896134276,0.10213883196677707,0.15355191256765047
bubbly_0113.jpg,0.05639053254400795,0.08296515450307057,0.048159105851096916,0.10340565417420508,0.1765746219580764,0.13806706114307649,0.07202498356297156,0.09084155161018513,0.10086127547599696,0.13071005917073825
banded_0092.jpg,0.0010221354166633394,0.004694010416651386,8.789062499971389e-05,0.003909505208320607,0.0055566406249819116,0.2287109374992555,0.002054036458326647,0.00683919270831107,0.6718684895811462,0.07525716145808835
bumpy_0092.jpg,0.05888733749765592,0.08859801854573643,0.06221386572584393,0.1148764789971748,0.180706136275397,0.1215462237222541,0.08003137394471715,0.08821975112179532,0.07965866927701047,0.12526214488685208
924.jpg,0.018856048583912443,0.04302597045882024,0.04829025268536266,0.15670013427674598,0.30298614501837545,0.20094299316329595,0.08238220214812324,0.046230316161933016,0.04113388061507746,0.059452056884538834
109.jpg,0.018093109130790354,0.04445648193342416,0.048030853271301154,0.15682601928651113,0.292316436766463,0.2010650634757955,0.08765411376919688,0.04828262329083144,0.04240798950179135,0.06086730957008031
bubbly_0102.jpg,0.08110408110348093,0.09902689902616622,0.06763606763556712,0.10181670181594836,0.1167647167638527,0.08651348651284631,0.07284567284513378,0.09755429755357564,0.1065305065297182,0.17020757020631067
banded_0102.jpg,0.08300717213093492,0.12307377049148803,0.05665983606542864,0.0789600409834043,0.07349385245882814,0.07609118852439525,0.07032274590145922,0.11789959016363243,0.14074282786849196,0.17974897540937565
bubbly_0134.jpg,0.05285468323397738,0.08438747651722152,0.05956609262992547,0.11699215321540005,0.15737265315362528,0.12472315903043206,0.08709893073060955,0.08740891792029441,0.0966637161858255,0.132932217378954
braided_0157.jpg,0.009885343753940953,0.030145574783955464,0.030205694163866488,0.1467685833284943,0.33404045175132874,0.22959591188019415,0.07344011680273595,0.043354661398691506,0.05190020182890111,0.05066346029930293
bubbly_0172.jpg,0.03682916666651321,0.0617916666664092,0.049824999999792396,0.11274583333286356,0.16932916666596112,0.14275416666607185,0.06957916666637676,0.06880833333304663,0.1841749999992326,0.10416249999956599
braided_0155.jpg,0.04592863811379734,0.08406027541075344,0.04609639397795763,0.10572995682032814,0.28447018321650375,0.12715894503349895,0.05729227447735082,0.08540961605726011,0.06179250787678118,0.10206120900847486
blotchy_0019.jpg,0.10523023022935243,0.10967634300876146,0.07094594594535414,0.07414080747352235,0.06599933266544879,0.07111277944551958,0.07518351684955636,0.10781614948191678,0.11989489489389478,0.19999999999833168
braided_0148.jpg,0.0455060329964253,0.065960764999869,0.05938602971304781,0.1299515718613646,0.22757941393558584,0.14161536567231706,0.07594188623429417,0.06976114257514766,0.0803742920456343,0.1039234999581062
banded_0152.jpg,0.10016975308564684,0.11111111111025378,0.03316358024665769,0.0833024691351597,0.05307870370329415,0.09308641975236817,0.04653549382680142,0.10716049382633365,0.14337962962852333,0.2290123456772453
bumpy_0169.jpg,0.042775986488373684,0.09879142813231212,0.0446754841962463,0.10126998749708815,0.10555153429358623,0.15000767695312667,0.09464148625783754,0.10146739488012341,0.12222149108323037,0.13859753021368867
braided_0165.jpg,0.04539262104673601,0.06834018224010441,0.06064632838987043,0.13371560657420428,0.24246247989859263,0.14737805967400294,0.07210894229011017,0.07033902090366301,0.06019407718386974,0.099422681793263
braided_0150.jpg,0.037794115826632294,0.06430012501043221,0.041166932778575076,0.12411966383149456,0.25234240589993967,0.1572289678551531,0.07050115727804078,0.07017315856528304,0.09043481489677054,0.09193865805148999
bubbly_0120.jpg,0.0574698620629619,0.08900317963777668,0.05774817571100464,0.1108679573299013,0.16617993549160034,0.13003728640331064,0.07542681113530837,0.08912136762530168,0.09057393611714117,0.13357148848188075
bubbly_0115.jpg,0.06877604166621891,0.08619791666610548,0.0740559895828512,0.1180338541658982,0.13195963541580755,0.10976562499928537,0.07585937499950612,0.09210937499940032,0.09794270833269568,0.1452994791657207
32.jpg,0.05240249633769072,0.08063125610320804,0.06787490844700671,0.12385177612257442,0.17877197265556805,0.1429748535150796,0.09068298339809157,0.07957458496063395,0.06825637817356775,0.11497879028276452
braided_0162.jpg,0.024194088867806697,0.06753664537930686,0.0442712571922193,0.11493867703127005,0.3391959558403861,0.15339837429362838,0.06764196195134718,0.06597604526634585,0.0505806772808163,0.07226631688729915
79.jpg,0.045936584472481015,0.06987380981418657,0.057785034179467065,0.1274604797358419,0.195850372313706,0.16476440429624647,0.08557510375943918,0.07578277587861716,0.07361984252901603,0.10335159301718387
939.jpg,0.01662063598626472,0.0443611145017839,0.03791427612290224,0.13645172119088572,0.2078590393058477,0.21221923828044045,0.0835380554196032,0.06118774414039158,0.1297988891596611,0.07004928588840466
bumpy_0108.jpg,0.04114361940368985,0.06635939195378576,0.0733576896650836,0.14820861497269164,0.19288622539702263,0.14912446616677327,0.08871810697451826,0.072302469811033,0.07003275163439586,0.09786666401105128
887.jpg,0.01671600341790498,0.045322418212717736,0.028228759765517315,0.10459136962850726,0.12265014648390712,0.2172737121573743,0.07463073730440281,0.0681304931638026,0.25642395019433434,0.06603240966771685
28.jpg,0.0372428894041548,0.06457519531225367,0.046604156493962844,0.12397766113233956,0.16428756713804515,0.18717193603444224,0.08739089965786975,0.08333969116179146,0.11060333251910932,0.09480667114221647
146.jpg,0.025989532470603982,0.05075454711894701,0.050422668456838904,0.1423187255853946,0.20275878906172654,0.20096969604415524,0.0864982604977169,0.06693267822240093,0.09685134887658367,0.07650375366181754
braided_0187.jpg,0.02345188284502474,0.05415620641524298,0.04231520223122513,0.13775453277449265,0.22267782426622956,0.1913249651311623,0.09025801952517254,0.06817294281681888,0.08415620641503377,0.08573221757262389
66.jpg,0.06175613403296754,0.09953689575157341,0.05000305175762175,0.0973739624019723,0.17680740356377866,0.12889862060497703,0.07383728027315584,0.10078430175742803,0.08238601684538885,0.12861633300732186
banded_0067.jpg,0.0,0.00114999999999425,0.0,0.0020399999999898,9.99999999995e-05,0.42747999999786257,5.9999999999699996e-05,1.99999999999e-05,0.34029999999829846,0.22884999999885575
bumpy_0132.jpg,0.02821659215073804,0.05795330352649823,0.05973174366557644,0.1528166915036978,0.23472429209900922,0.1751217088904608,0.09490312965628513,0.05906607054089354,0.056711376055074904,0.08075509190183056
chequered_0092.jpg,3.580729166655011e-05,0.00013020833333290946,9.76562499996821e-05,0.0014908854166618135,0.001311848958329063,0.07463541666642372,0.0003971354166653739,0.001139322916662958,0.920169270830338,0.0005924479166647381
chequered_0066.jpg,0.005822222222157531,0.0029111111110787656,0.001899999999978889,0.0047666666666137045,0.004022222222177531,0.1289111111096788,0.0022444444444195064,0.0021222222221986423,0.8168888888798124,0.03041111111077321
bubbly_0105.jpg,0.05721677559893377,0.07497957516314345,0.06880106209126906,0.12337622548977609,0.2060457516332855,0.1341639433546631,0.0765829248363406,0.07287922113264951,0.07005038126337809,0.11590413943315664
108.jpg,0.04234695434554158,0.07149887084933662,0.0650978088376423,0.13733291625924174,0.22477722167883005,0.15775680541932008,0.0852546691891279,0.06836318969700483,0.054130554199012255,0.09344100952112792
bubbly_0150.jpg,0.020576441102670942,0.045488721804321265,0.03134502923963515,0.12961570593095398,0.23851294903826853,0.211825396824512,0.07793233082674214,0.06378863826205602,0.10517126148661164,0.0757435254800512
bubbly_0128.jpg,0.0236501814881362,0.056054333030694035,0.037531193284830046,0.12568908802142215,0.19287942377440767,0.23336263611549068,0.10166458711404927,0.06438294010871035,0.07612579401067342,0.08865982304875039
bumpy_0155.jpg,0.02492241136062332,0.06123389447887489,0.05038088968258835,0.13867205868392107,0.245857236901666,0.1870685601411919,0.09022853380898874,0.062193172199170574,0.05664440891510727,0.08279883381846329
921.jpg,0.04197311401351176,0.06805419921849039,0.06397628784155282,0.1385993957514244,0.22729110717686732,0.16454315185484106,0.08615112304654636,0.06458282470678488,0.05226135253886314,0.09256744384730313
braided_0027.jpg,0.054569174756950424,0.06868325242676769,0.06388349514524343,0.14302184465932632,0.21147451456182356,0.13847694174673253,0.0864866504849121,0.07038834951413599,0.054550970873455396,0.10846480582458455
blotchy_0064.jpg,0.09289553633989212,0.09785560596619475,0.05849336374088977,0.07324463498532027,0.08183107558129989,0.08213327316210631,0.07865598633229381,0.10105084172058791,0.13067023394069405,0.2031694482266918
902.jpg,0.027961730956924585,0.05615997314431701,0.04625320434552668,0.13555908203073289,0.21320343017496793,0.1894989013664646,0.08893203735317637,0.06852340698216047,0.09101104736293407,0.08289718627898064
chequered_0102.jpg,0.0916020833331425,0.10629583333311188,0.058183333333212114,0.07411458333317893,0.09484166666646908,0.07879999999983583,0.07735833333317217,0.10426249999978278,0.12205833333307904,0.19248333333293233
braided_0118.jpg,0.053737176355267376,0.07544839137360981,0.06184660478706227,0.12557750017359495,0.18762649172874848,0.13952125060967602,0.0809547072365067,0.0762090864674701,0.08113615744238163,0.11794263381870372
braided_0177.jpg,0.022525418660118677,0.04841507176997297,0.04099880382744468,0.12928379186506217,0.2749401913855043,0.18782894736701683,0.06981907894684644,0.057281698564165054,0.09875149521457273,0.07015550239182
chequered_0215.jpg,0.025423832923676757,0.07508599508553386,0.03666461916439395,0.11568796068725007,0.17043611793507102,0.1867567567556096,0.09591523341464425,0.08394963144911578,0.09935503685442656,0.11072481572413559
50.jpg,0.08137512207000208,0.09242248535120993,0.060340881347426066,0.09860610961876447,0.1369132995600246,0.11085891723590523,0.07637786865205239,0.0901451110836405,0.10090255737266196,0.15205764770449806
braided_0107.jpg,0.029440660749426004,0.06433483755961955,0.059380880221975754,0.1370289577528431,0.3291592426662352,0.14856876425700158,0.06830632940845331,0.06056316920003528,0.03831615406359119,0.06490100411249312
blotchy_0125.jpg,0.03172480620124298,0.06317829457303122,0.04703488372047447,0.1278972868204661,0.2068895348817162,0.18083333333158108,0.09132751937896001,0.07580426356515695,0.08236434108447321,0.0929457364332079
bubbly_0064.jpg,0.03439453124991603,0.05082275390612592,0.054541015624866844,0.14868652343713698,0.2554711914056263,0.14618896484339308,0.07741210937481101,0.06170410156234935,0.07928222656230643,0.09149658203102662
920.jpg,0.052413940429487556,0.080543518066099,0.06620407104466933,0.1249046325678829,0.19786834716721394,0.1417388916010218,0.0848159790035827,0.07658386230439536,0.06510543823217352,0.10982131957965918
bumpy_0136.jpg,0.04107221933402129,0.07219045418629454,0.05768305127140644,0.12537303375052766,0.18915458518555828,0.14915574038704463,0.08004100964554553,0.07458268353224656,0.10675503956513047,0.10399218313741122
248.jpg,0.052223205566207034,0.08392715454069546,0.06947708129856309,0.12594985961866015,0.17728042602471436,0.13600921630807492,0.08975219726528262,0.08310317993132361,0.06916809082004864,0.11310958862261539
159.jpg,0.1122016906734001,0.10268020629843642,0.05749511718728067,0.06976699829074948,0.0768585205075193,0.0771522521969713,0.06968307495090606,0.10112762451133298,0.1377563476557245,0.19527816772386444
bumpy_0198.jpg,0.007802604115898536,0.027297575884934543,0.021079595279921745,0.14092123549315402,0.2884348124854783,0.26816291365527983,0.0801004107711319,0.04908743121747012,0.06956189518902774,0.04755152590513912
chequered_0167.jpg,0.02420430085045577,0.0522747695970731,0.020150049110697163,0.097339658522926,0.12428998348989868,0.19011096946692813,0.06376460262036837,0.08395644814075377,0.25311487743097066,0.0907943407657487
banded_0037.jpg,0.02338859546160165,0.022481416275375386,0.009986306729240058,0.04713174882617583,0.021667155711997097,0.083824823943457,0.023875195618094983,0.04482345461647882,0.680724276211168,0.04209702660396592
38.jpg,0.049507141113092394,0.08504104614225372,0.06333541870093026,0.12291717529249986,0.19496917724534998,0.1414909362787571,0.08494567871061345,0.08163070678679797,0.06638717651341862,0.10977554321247186
59.jpg,0.04045104980453319,0.07308578491183057,0.0533065795896404,0.11841583251907953,0.14829635620060616,0.16223907470641236,0.08915710449184738,0.08338165283171317,0.12018203735305716,0.11148452758746534
891.jpg,0.03702545166001501,0.05606079101541114,0.04643249511701037,0.13048553466747098,0.25384140014551604,0.1845359802239054,0.07830429077118567,0.06156539916968702,0.0675849914548203,0.08416366577116331
7.jpg,0.04678344726544653,0.06768798828099179,0.04410934448225361,0.09931564331016801,0.14460754394476086,0.16061782836852792,0.0706100463864494,0.07721328735322108,0.17903900146416077,0.11001586914020532
braided_0114.jpg,0.035294876758187876,0.06265617850965328,0.0461320522294779,0.12659991318490774,0.2491289198598965,0.17628374335639704,0.08246518612348085,0.06494386372416106,0.06358005138474296,0.09291521486616186
blotchy_0018.jpg,0.1107823800122388,0.10872781064999403,0.06932938855958802,0.07038954635050633,0.0681213017745881,0.06612426035448617,0.06715154503560855,0.1076347797492798,0.12644641682999305,0.20529257067549891
867.jpg,0.018024444580009368,0.04946899414043629,0.04497528076154718,0.1429405212396891,0.22504806518468837,0.21858215331947867,0.09658813476525654,0.06029129028297313,0.07596969604463207,0.06811141967747456
braided_0175.jpg,0.05469385177599364,0.09423224166572551,0.043714035378186286,0.09161950318429185,0.23543062823939764,0.12163047510698312,0.06584732450791442,0.09555834458077342,0.07656665640455164,0.12070693914828905
bubbly_0164.jpg,0.04791181462866704,0.0640468953532542,0.04495124935810059,0.09160975802222783,0.15020921327763975,0.14487032723971827,0.06097777602276697,0.07320491059020641,0.18876564165131682,0.13345241384623366
118.jpg,0.0440673828123319,0.07583236694307009,0.056735992431424194,0.12303161621046817,0.23241043090731656,0.16048049926696595,0.08476638793912976,0.06920623779270475,0.057624816894311426,0.0958442687984625
882.jpg,0.01616287231439147,0.04269790649397774,0.042526245117025276,0.15405273437441233,0.27070999145404545,0.2176856994620602,0.08849334716763117,0.05056381225566649,0.057537078857202384,0.05957031249977276
176.jpg,0.024238586425688786,0.050018310546684194,0.04553985595685753,0.1484184265131057,0.2958869934070744,0.1987342834465075,0.07806396484345221,0.04995727539043442,0.043891906738113814,0.06525039672826671
bumpy_0195.jpg,0.04770398156305867,0.07379314994583641,0.05897567912112945,0.1276079974498394,0.20045417769870902,0.14878150436357268,0.08439369422353267,0.07614984799427482,0.07205244189445409,0.11008752574252817
braided_0143.jpg,0.09749650132088067,0.09719414640804788,0.06606886780986136,0.08721643428456594,0.10746557473256739,0.093315364811993,0.07488035384098828,0.09373002297816367,0.10694725202485404,0.17568548177943913
blotchy_0124.jpg,0.008491461100542405,0.03757115749513735,0.013017077798820312,0.12733712839934427,0.11365275142279047,0.2496805819093938,0.09645161290292077,0.08748576850067209,0.19786843769703394,0.06844402277018202
bubbly_0145.jpg,0.04519704433485941,0.07365301724119033,0.06542487684712278,0.12773245073858852,0.17821736453156245,0.1707691912967704,0.09951765188808621,0.0680931855499074,0.06615866174038855,0.10523655582895823
941.jpg,0.024841308593655236,0.05104827880839902,0.04541397094709238,0.12800216674755857,0.18635940551686722,0.19174575805590915,0.08115768432586228,0.06631851196263763,0.13758850097603764,0.08752441406216611
152.jpg,0.034297943115103535,0.06687545776341676,0.06201934814429466,0.14347839355414016,0.24030685424713016,0.16409683227476465,0.08716583251919874,0.06492996215795543,0.05226516723612875,0.08456420898405241
banded_0068.jpg,0.002725219726554183,0.008370971679661953,0.0021575927734309155,0.012792968749960958,0.026019287109295595,0.360934448241086,0.0039031982421755883,0.009399414062471315,0.4415069580064651,0.13218994140584658
chequered_0189.jpg,0.007567901234521186,0.02474074074058802,0.0024567901234416245,0.01951851851839803,0.018339506172726297,0.24373456789973003,0.01388271604929702,0.023654320987508307,0.4991419753055608,0.14696296296205577
braided_0141.jpg,0.02626302083324784,0.08330729166639549,0.035475260416551184,0.10251627604133295,0.24167643229087996,0.1825520833327391,0.0690917968747751,0.08366536458306098,0.07839843749974479,0.0970540364580174
bumpy_0114.jpg,0.022567246835219868,0.05098892405012867,0.050979034809622445,0.14951542721371128,0.2695312499973346,0.18468156645386985,0.08659018987256141,0.05599287974628172,0.05651700949311198,0.07263647151826903
chequered_0192.jpg,0.045854858822226244,0.07817092722856633,0.03826155696068483,0.10432439654346483,0.09484947002708398,0.13866682996270893,0.07209739912670293,0.08245746860201714,0.21448294290430167,0.13083414981667613
blotchy_0072.jpg,0.08027700868049611,0.09075010366059832,0.07457900298250947,0.09959806321275363,0.10837580086370137,0.10176491045001616,0.08577772427509002,0.09314099220171361,0.09972513141493879,0.1660112622548386
chequered_0180.jpg,0.11764350453053733,0.0986203423957843,0.047029204430543516,0.0818026183274743,0.08268882175143315,0.09054380664561386,0.06358509566904749,0.09553877139883647,0.13968781470151373,0.18286002013914543
bubbly_0169.jpg,0.02233443571979175,0.05070237468007292,0.0489218405833267,0.14814614979291169,0.26794657762853186,0.1910471825660288,0.08534185619859036,0.05685648450822074,0.05753886388576163,0.07116423443358968
932.jpg,0.08822250366177282,0.09235000610316334,0.05903625488258729,0.09204864501918011,0.13816833496041042,0.10760879516560512,0.07524490356416609,0.09197616577113352,0.09838867187462468,0.15695571899354188
blotchy_0058.jpg,0.13274941098062312,0.0966169673198628,0.053515224545839866,0.062435927410816036,0.0540188126107982,0.05729213503302736,0.05553856944969031,0.11210230031733151,0.15581554288451813,0.2199151094385001
bumpy_0128.jpg,0.014796716930598995,0.03994655468570379,0.03220461920189193,0.1342393586552072,0.2709219316642801,0.22732582553748942,0.07983966405741677,0.056193930138910525,0.08255774002609233,0.061973659094774015
37.jpg,0.03151321411120791,0.06175613403296754,0.056903839111111056,0.14131927490180465,0.23496627807527554,0.17454147338800605,0.09158325195277564,0.0630226135251502,0.05679321289040835,0.08760070800747832
